id,name,text,trans
0000000000000,清夏,もう真っ暗になっちゃったね～。,天都已經完全黑下來了呢～。
0000000000000,{user},日が沈んで、\n少し涼しくなりましたね。,太陽下山後，\n變得有些涼快了呢。
0000000000000,清夏,そだね。\n風もあって良いカンジ～、,是啊。\n還有風，感覺很不錯～，
0000000000000,清夏,それにしても……むぅ……,不過說真的……嗯……
0000000000000,{user},どうかしましたか？\nそんなにスマホを見つめて。,怎麼了嗎？\n一直盯著手機看。
0000000000000,清夏,ん～、カフェのかき氷もばえるけど、\nこれだけだと物足りない気がするな～。,嗯～，咖啡店的刨冰雖然很上鏡，\n但單靠這個總覺得有點不夠呢～。
0000000000000,清夏,同じぐらいオシャレな写真で\n補強したい的な？,想用同樣時尚的照片\n來補強一下？
0000000000000,{user},……SNSのことはよくわかりませんが、,……雖然我對SNS不太了解，
0000000000000,{user},良い写真が撮れたのなら、\nそれを投稿すればいいのでは？,但如果拍到了好照片，\n直接上傳不就好了嗎？
0000000000000,清夏,Pっち、分かってないね～。\nこういうのは、テーマ性が大事なの。,Pっち，你不懂啦～。\n這種東西，主題性很重要的。
0000000000000,清夏,今回だと……『夏の思い出』みたいな？,這次的主題……就是『夏日回憶』那樣？
0000000000000,清夏,そういうテーマで写真をまとめると、\nオシャレになるんだよね～。,把照片按照這種主題整理出來，\n就會顯得很時尚呢～。
0000000000000,清夏,だから、なんかないかな～って。,所以，我在想有沒有什麼呢～。
0000000000000,{user},そうですね……,這樣啊……
0000000000000,{user},それなら、ついてきてください。\n少し歩きます。,那麼，跟我來吧。\n稍微走一會兒。
0000000000000,清夏,え、Pっち、どこ行くの？\nそっちは山の方だけど……,欸，Pっち，你要去哪？\n那邊是山的方向吧……
0000000000000,{user},確か、こっちだったかな……,應該是這邊沒錯……
0000000000000,清夏,ね、ねぇPっち、\nどんどん人気のない方に来てるけど？,喂，Pっち，\n我們越走越偏僻了耶？
0000000000000,{user},もう少しです。,快到了。
0000000000000,清夏,こんなところまで来て、\n何を見せたいの？,來到這麼偏僻的地方，\n想給我看什麼啊？
0000000000000,{user},説明してもいいんですが、\nここは内緒にしておきます。,雖然可以解釋，但這裡先保密。
0000000000000,清夏,めっちゃ気になるんだけど……,真的好讓人在意啊……
0000000000000,{user},――着きました。,——到了。
0000000000000,清夏,ヤバ……,哇……
0000000000000,{user},この前見つけた穴場スポットです。\n綺麗でしょう？,這是我前陣子發現的秘境。\n很漂亮吧？
0000000000000,清夏,うん、すごい……\n蛍の光ってこんなに幻想的なんだね。,嗯，真的好美……\n螢火蟲的光芒竟然這麼夢幻。
0000000000000,{user},SNSに映える写真を撮るなら、\nここが最適だと思いまして。,如果要拍上鏡的照片，\n這裡應該是最好的選擇。
0000000000000,清夏,うん……写真、撮ろっかな。,嗯……要拍照嗎。
0000000000000,清夏,…………,…………
0000000000000,{user},清夏さん？,清夏？
0000000000000,清夏,やっぱり、いーや。\n写真に残すのは、やめとくね。,還是算了。\n我決定不拍照了。
0000000000000,{user},……気に入りませんでしたか？,……不喜歡這裡嗎？
0000000000000,清夏,あ、そーゆーわけじゃないよ！\n今、すっごく嬉しいから。,啊，不是那樣啦！\n現在，我真的很開心。
0000000000000,清夏,でも、この光景をアップすると、\nみんなに場所を知られちゃうからさ。,但是，如果把這光景上傳了，\n大家就會知道這個地方了。
0000000000000,清夏,Pっちが見つけた穴場スポットが、\n穴場じゃなくなっちゃうと思うんだ。,Pっち發現的秘境，\n就不再是秘境了。
0000000000000,{user},それは、別に構いませんよ？\n偶然見つけただけですし。,那個，沒關係的吧？\n只是偶然發現的地方。
0000000000000,清夏,……ゴメン。嘘ついた。\nホントは、あたしが秘密にしたいの。,……對不起。我說謊了。\n其實，是我想保密。
0000000000000,清夏,この景色と……この気持ちは、\nふたりだけの思い出にしたいなって。,這個景色和……這份心情，\n想要成為我們兩人的回憶。
0000000000000,{user},清夏さん……,清夏……
0000000000000,清夏,へへっ、\nなーんか、不思議な気分！,嘿嘿，\n真是奇怪的感覺！
0000000000000,清夏,普段、綺麗な場所はすぐ写真に撮って、\nみんなに共有してるから。,平常看到漂亮的地方，我會立刻拍照，\n然後和大家分享。
0000000000000,{user},今回そうしないのは、なぜですか？,這次不這麼做，為什麼呢？
0000000000000,清夏,Pっちには教えなーい♪,Pっち，我才不告訴你呢♪
0000000000000,{user},そ、そんな……,什、什麼……
0000000000000,清夏,ねえ、Pっち。\nここに連れてきてくれて、ありがと。,喂，Pっち。\n謝謝你帶我來這裡。
0000000000000,清夏,来年の夏も、一緒に見たいな。\nこの景色を。,明年的夏天，也想一起看呢。\n這個景色。
info,adv_cidol-ssmk-3-001_03.txt,,
译者,gpt-4o-2024-05-13,,